# [1] im011 - M-92 V
#   COL    LINE  COORDINATES      R    MAG    FLUX     SKY    PEAK    E   PA BETA ENCLOSED   MOFFAT DIRECT
  44.93  324.28 44.93 324.28  10.46  14.33  18547.   41.83   1120. 0.19  -74 6.18     3.41     3.58   3.49
  21.37  259.93 21.37 259.93  10.20  12.87  71160.    41.8   4160. 0.15  -78 5.20     3.45     3.72   3.40
  82.34   70.98  82.34 70.98  10.07  15.36   7156.   42.09   451.9 0.17  -38 6.24     3.26     3.79   3.35
  64.14   20.73  64.14 20.73   9.76  12.89  69747.   43.16   4657. 0.08  -79 4.13     3.28     3.29   3.25
 104.99  427.47 104.99 427.47  10.78  14.56  15032.    41.3    889. 0.20  -63 6.91     3.49     3.63   3.59
 129.90  364.38 129.90 364.38  10.56  15.21   8209.   41.25   493.5 0.18  -68 9.23     3.46     3.59   3.52
 209.47  325.54 209.47 325.54  10.55  14.15  21962.     42.   1315. 0.12  -70 11.7     3.43     3.61   3.52
 187.86  297.44 187.86 297.44  11.91  15.41   6876.    42.5   351.2 0.65  -25 4.07     4.15     3.39   4.32
 150.29  287.69 150.29 287.69  10.67  14.70  13200.   42.34   810.4 0.15  -68 14.6     3.45     3.65   3.56
 165.94  237.70 165.94 237.70  10.09  15.02   9810.   41.41   614.3 0.17  -40 6.29     3.42     3.46   3.36
 184.36  190.85 184.36 190.85   9.73  12.28 122362.   44.35   7980. 0.15  -87 11.3     3.27     3.39   3.24
 234.85  135.91 234.85 135.91   9.71  13.36  45341.    43.7   3019. 0.09  -84 4.52     3.27     3.32   3.24
 192.65   84.63 192.65 84.63   9.78  12.58  92793.    43.9   6243. 0.12  -77 4.99     3.28     3.30   3.26
 187.41    6.67  187.41 6.67   9.74  13.90  27549.   42.34   1832. 0.03  -67 6.09     3.27     3.35   3.25
 299.36  229.92 299.36 229.92   9.93  13.42  43047.   43.84   2760. 0.10  -84 4.96     3.34     3.57   3.31
 312.33  173.56 312.33 173.56   9.91  15.34   7312.   42.29   483.5 0.39   48 5.29     3.23     3.36   3.31
