# [1] im010 - M-92 V
#   COL    LINE  COORDINATES      R    MAG    FLUX     SKY    PEAK    E   PA BETA ENCLOSED   MOFFAT DIRECT
  44.43  322.61 44.43 322.61   9.01  14.32  18745.   41.82   1408. 0.09  -82 6.45     3.03     3.12   3.01
  20.85  258.34 20.85 258.34   8.68  12.88  70159.   42.96   5697. 0.13  -80 1.75     2.96     2.82   2.89
  81.86   69.39  81.86 69.39   8.53  15.38   7071.   41.53   620.1 0.09  -46 1.96     2.91     2.75   2.85
  63.66   19.22  63.66 19.22   8.26  12.90  69260.   42.74   6110. 0.05   89 2.53     2.80     2.76   2.75
 104.42  425.76 104.42 425.76   9.17  14.56  15019.   41.33   1118. 0.12  -75 9.90     3.08     3.19   3.06
 129.37  362.64 129.37 362.64   8.81  15.18   8438.   41.33    646. 0.05  -87 5.87     2.98     3.07   2.94
 208.89  323.92 208.89 323.92   8.66  14.19  21106.    43.8   1704. 0.00 2 3.97     2.94     3.02   2.89
 187.31  295.79 187.31 295.79   8.81  15.63   5610.   42.55   448.4 0.31   -8 4.45     3.34     2.95   3.29
 149.66  286.15 149.66 286.15   9.00  14.70  13213.   42.31   1082. 0.06  -40 2.51     3.02     2.95   3.00
 165.38  236.07 165.38 236.07   8.36  15.04   9644.    41.9    784. 0.07   52 5.31     2.81     2.95   2.79
 183.79  189.22 183.79 189.22   8.31  12.30 120676.   44.59  10491. 0.08   86 2.44     2.81     2.78   2.77
 234.32  134.26 234.32 134.26   8.06  13.37  44877.    43.4   3997. 0.04   84 2.37     2.71     2.73   2.69
 192.09   82.98 192.09 82.98   8.19  12.59  91766.   44.26   8023. 0.04   89 4.70     2.77     2.85   2.73
 186.93    5.12  186.93 5.12   8.06  13.92  27065.   41.96   2427. 0.04   44 2.75     2.71     2.77   2.69
 298.82  228.24 298.82 228.24   8.44  13.42  43044.   44.29   3604. 0.04   67 2.89     2.85     2.87   2.81
 311.87  171.84 311.87 171.84   8.50  15.36   7158.   43.07   602.1 0.13   44 3.41     2.88     2.90   2.83
