3.0	14208.0	12544.0	13508.0	13901.0	13951.0	13889.0	13782.0	13743.0	13661.0	13661.0	13593.0	13544.0
3.1	14308.0	12570.0	13483.0	13938.0	13936.0	13904.0	13815.0	13742.0	13693.0	13675.0	13626.0	13581.0
3.2	14399.0	12521.0	13479.0	13916.0	14023.0	13929.0	13844.0	13738.0	13725.0	13726.0	13682.0	13599.0
3.3	14452.0	12534.0	13430.0	13948.0	14046.0	13980.0	13914.0	13840.0	13788.0	13756.0	13693.0	13683.0
3.4	14499.0	12579.0	13331.0	13996.0	14082.0	14053.0	13952.0	13876.0	13854.0	13784.0	13758.0	13712.0
3.5	14461.0	12635.0	13276.0	13955.0	14140.0	14067.0	14036.0	13939.0	13861.0	13825.0	13828.0	13748.0
3.6	14410.0	12803.0	13229.0	13920.0	14173.0	14160.0	14087.0	13984.0	13924.0	13896.0	13831.0	13830.0
3.7	14271.0	13065.0	13115.0	13952.0	14140.0	14205.0	14162.0	14031.0	13967.0	13916.0	13879.0	13839.0
3.8	13833.0	13490.0	12860.0	13827.0	14203.0	14256.0	14162.0	14131.0	14003.0	13958.0	13938.0	13898.0
3.9	12393.0	14329.0	12545.0	13414.0	14020.0	14237.0	14260.0	14191.0	14066.0	14023.0	13982.0	13917.0
4.0	8371.0	13422.0	14301.0	12761.0	12901.0	13633.0	14068.0	14194.0	14211.0	14169.0	14103.0	14017.0
4.1	3492.0	6757.0	10750.0	13612.0	14537.0	13687.0	12596.0	12740.0	13391.0	13798.0	14029.0	14116.0
4.2	1306.0	2794.0	4602.0	6637.0	9301.0	11436.0	13295.0	14397.0	14387.0	13673.0	12759.0	12554.0
4.3	263.0	647.0	1122.0	1796.0	2560.0	3433.0	4362.0	5435.0	6697.0	8264.0	9814.0	11087.0
4.4	169.0	365.0	686.0	1085.0	1495.0	1957.0	2497.0	3153.0	3812.0	4423.0	5149.0	6029.0
4.5	157.0	359.0	620.0	978.0	1308.0	1708.0	2209.0	2754.0	3168.0	3815.0	4315.0	5028.0
4.6	125.0	296.0	529.0	840.0	1140.0	1501.0	1911.0	2376.0	2811.0	3245.0	3853.0	4398.0
4.7	143.0	283.0	510.0	754.0	1033.0	1402.0	1771.0	2136.0	2608.0	3042.0	3424.0	3929.0
4.8	109.0	244.0	434.0	648.0	899.0	1167.0	1472.0	1851.0	2241.0	2548.0	2979.0	3350.0
4.9	106.0	233.0	362.0	580.0	824.0	1069.0	1302.0	1608.0	1877.0	2177.0	2532.0	2897.0
5.0	95.0	195.0	348.0	489.0	701.0	902.0	1145.0	1335.0	1613.0	1948.0	2196.0	2518.0
5.1	95.0	201.0	309.0	453.0	646.0	839.0	995.0	1215.0	1413.0	1635.0	1868.0	2082.0
5.2	91.0	179.0	283.0	433.0	576.0	720.0	931.0	1076.0	1297.0	1463.0	1683.0	1864.0
5.3	100.0	173.0	295.0	401.0	486.0	684.0	820.0	1001.0	1119.0	1296.0	1451.0	1637.0
5.4	105.0	172.0	292.0	380.0	485.0	642.0	791.0	906.0	1050.0	1216.0	1394.0	1571.0
5.5	89.0	164.0	265.0	398.0	561.0	663.0	777.0	941.0	1039.0	1179.0	1361.0	1486.0
5.6	107.0	187.0	279.0	413.0	516.0	655.0	798.0	939.0	1078.0	1242.0	1367.0	1561.0
5.7	93.0	191.0	280.0	394.0	531.0	648.0	814.0	945.0	1055.0	1254.0	1398.0	1554.0
5.8	103.0	198.0	316.0	402.0	514.0	656.0	806.0	946.0	1122.0	1259.0	1382.0	1572.0
5.9	103.0	199.0	309.0	403.0	565.0	675.0	812.0	971.0	1092.0	1275.0	1430.0	1574.0
6.0	106.0	186.0	288.0	407.0	557.0	665.0	798.0	977.0	1105.0	1278.0	1432.0	1612.0
6.1	106.0	189.0	300.0	411.0	534.0	663.0	804.0	1003.0	1104.0	1232.0	1429.0	1585.0
6.2	103.0	192.0	314.0	431.0	551.0	682.0	838.0	921.0	1086.0	1246.0	1466.0	1615.0
6.3	98.0	196.0	289.0	414.0	527.0	662.0	804.0	924.0	1085.0	1218.0	1436.0	1606.0
6.4	99.0	188.0	291.0	419.0	538.0	661.0	804.0	899.0	1082.0	1276.0	1422.0	1557.0
6.5	86.0	181.0	292.0	396.0	543.0	647.0	810.0	951.0	1066.0	1270.0	0.0	1570.0
6.6	105.0	162.0	288.0	399.0	529.0	642.0	755.0	949.0	1076.0	1280.0	1443.0	1564.0
6.7	91.0	185.0	291.0	419.0	537.0	653.0	789.0	912.0	1105.0	1232.0	1382.0	1553.0
6.8	90.0	176.0	278.0	374.0	512.0	631.0	786.0	900.0	1094.0	1253.0	1429.0	1567.0
6.9	88.0	166.0	274.0	355.0	500.0	627.0	777.0	927.0	1062.0	1234.0	1411.0	1542.0
7.0	106.0	185.0	249.0	374.0	529.0	641.0	731.0	890.0	1062.0	1224.0	1383.0	1513.0
7.1	104.0	162.0	268.0	363.0	477.0	604.0	759.0	879.0	1055.0	1229.0	1364.0	1549.0
7.2	87.0	158.0	277.0	363.0	487.0	596.0	727.0	895.0	1029.0	1192.0	1312.0	1523.0
7.3	90.0	153.0	270.0	341.0	456.0	651.0	716.0	861.0	1037.0	1170.0	1302.0	1499.0
7.4	79.0	171.0	249.0	368.0	449.0	590.0	694.0	870.0	945.0	1134.0	1284.0	1438.0
7.5	79.0	152.0	240.0	343.0	459.0	576.0	687.0	870.0	1012.0	1131.0	1263.0	1432.0
7.6	89.0	148.0	244.0	342.0	438.0	569.0	682.0	844.0	1012.0	1121.0	1266.0	1416.0
7.7	81.0	160.0	245.0	338.0	426.0	510.0	681.0	821.0	960.0	1094.0	1233.0	1353.0
7.8	74.0	134.0	212.0	323.0	426.0	553.0	660.0	783.0	919.0	1057.0	1186.0	1330.0
7.9	78.0	142.0	237.0	305.0	415.0	511.0	642.0	777.0	942.0	1043.0	1170.0	1293.0
8.0	67.0	130.0	201.0	282.0	374.0	485.0	638.0	760.0	852.0	1000.0	1132.0	1217.0
8.1	66.0	143.0	190.0	267.0	340.0	469.0	577.0	710.0	824.0	955.0	1067.0	1236.0
8.2	65.0	93.0	164.0	251.0	323.0	399.0	533.0	656.0	785.0	912.0	1011.0	1178.0
8.3	56.0	96.0	158.0	238.0	319.0	430.0	526.0	656.0	793.0	904.0	966.0	1100.0
8.4	51.0	87.0	152.0	220.0	294.0	387.0	494.0	626.0	722.0	871.0	948.0	1034.0
8.5	49.0	85.0	130.0	194.0	248.0	371.0	455.0	554.0	665.0	768.0	856.0	1006.0
8.6	43.0	86.0	133.0	168.0	243.0	321.0	429.0	542.0	617.0	711.0	808.0	974.0
8.7	35.0	69.0	114.0	158.0	240.0	316.0	392.0	498.0	577.0	669.0	760.0	868.0
8.8	32.0	68.0	105.0	147.0	216.0	289.0	414.0	432.0	555.0	628.0	705.0	800.0
8.9	26.0	61.0	94.0	141.0	184.0	283.0	364.0	440.0	512.0	606.0	691.0	774.0
9.0	24.0	49.0	85.0	113.0	164.0	237.0	327.0	411.0	514.0	567.0	670.0	724.0
9.1	22.0	53.0	81.0	103.0	174.0	228.0	319.0	379.0	468.0	539.0	633.0	684.0
9.2	20.0	47.0	60.0	106.0	132.0	216.0	288.0	360.0	407.0	529.0	556.0	638.0
9.3	22.0	33.0	52.0	82.0	142.0	196.0	292.0	340.0	407.0	477.0	526.0	615.0
9.4	14.0	29.0	48.0	72.0	138.0	195.0	262.0	346.0	390.0	436.0	504.0	555.0
9.5	15.0	30.0	45.0	67.0	147.0	186.0	249.0	325.0	374.0	429.0	482.0	542.0
9.6	13.0	24.0	47.0	67.0	129.0	174.0	267.0	286.0	349.0	396.0	485.0	499.0
9.7	12.0	22.0	32.0	66.0	124.0	181.0	218.0	291.0	325.0	373.0	456.0	505.0
9.8	10.0	18.0	40.0	59.0	109.0	168.0	237.0	292.0	297.0	373.0	442.0	548.0
9.9	10.0	18.0	30.0	77.0	131.0	164.0	219.0	300.0	326.0	375.0	436.0	489.0
10.0	9.0	28.0	30.0	73.0	116.0	167.0	243.0	296.0	334.0	353.0	432.0	448.0
10.1	9.0	15.0	33.0	73.0	127.0	177.0	213.0	282.0	327.0	370.0	413.0	475.0
10.2	11.0	13.0	32.0	75.0	133.0	182.0	233.0	266.0	313.0	383.0	391.0	434.0
10.3	7.0	21.0	27.0	63.0	122.0	173.0	218.0	241.0	316.0	363.0	422.0	430.0
10.4	6.0	15.0	27.0	76.0	121.0	169.0	209.0	271.0	305.0	355.0	413.0	447.0
10.5	11.0	18.0	28.0	74.0	122.0	181.0	225.0	253.0	331.0	357.0	412.0	463.0
10.6	8.0	13.0	29.0	80.0	121.0	173.0	236.0	276.0	300.0	348.0	405.0	444.0
10.7	5.0	10.0	36.0	72.0	136.0	161.0	227.0	266.0	341.0	357.0	418.0	444.0
10.8	7.0	18.0	29.0	84.0	146.0	197.0	233.0	267.0	322.0	356.0	409.0	450.0
10.9	7.0	12.0	28.0	81.0	135.0	175.0	234.0	254.0	306.0	343.0	401.0	456.0
11.0	7.0	14.0	34.0	89.0	123.0	159.0	206.0	270.0	306.0	347.0	404.0	450.0
11.1	6.0	15.0	38.0	84.0	129.0	169.0	222.0	271.0	312.0	343.0	390.0	431.0
11.2	7.0	12.0	44.0	84.0	151.0	176.0	235.0	257.0	324.0	347.0	381.0	419.0
11.3	8.0	16.0	55.0	96.0	144.0	188.0	224.0	262.0	299.0	351.0	375.0	462.0
11.4	5.0	14.0	45.0	88.0	134.0	164.0	228.0	284.0	319.0	342.0	394.0	447.0
11.5	3.0	15.0	38.0	98.0	155.0	189.0	224.0	265.0	285.0	339.0	404.0	435.0
11.6	7.0	9.0	51.0	93.0	149.0	183.0	223.0	280.0	318.0	336.0	405.0	465.0
11.7	8.0	7.0	48.0	96.0	154.0	182.0	227.0	275.0	286.0	361.0	382.0	441.0
11.8	8.0	14.0	57.0	101.0	144.0	190.0	194.0	250.0	300.0	341.0	384.0	427.0
11.9	6.0	12.0	56.0	92.0	133.0	176.0	229.0	263.0	317.0	340.0	375.0	457.0
12.0	6.0	15.0	58.0	107.0	132.0	196.0	213.0	240.0	301.0	307.0	399.0	439.0
12.1	5.0	13.0	60.0	92.0	141.0	188.0	199.0	257.0	283.0	349.0	385.0	434.0
12.2	7.0	17.0	69.0	99.0	131.0	176.0	235.0	263.0	284.0	343.0	391.0	444.0
12.3	6.0	21.0	66.0	106.0	137.0	169.0	222.0	262.0	284.0	327.0	387.0	424.0
12.4	6.0	19.0	71.0	103.0	144.0	181.0	210.0	251.0	305.0	333.0	413.0	441.0
12.5	6.0	26.0	67.0	107.0	144.0	194.0	206.0	256.0	307.0	336.0	394.0	440.0
12.6	5.0	28.0	74.0	109.0	133.0	181.0	234.0	254.0	300.0	344.0	375.0	424.0
12.7	8.0	25.0	63.0	111.0	135.0	187.0	217.0	264.0	296.0	329.0	373.0	450.0
12.8	8.0	32.0	74.0	114.0	146.0	190.0	212.0	260.0	297.0	349.0	399.0	425.0
12.9	6.0	31.0	72.0	108.0	156.0	187.0	224.0	281.0	302.0	355.0	389.0	463.0
13.0	5.0	39.0	76.0	116.0	150.0	211.0	225.0	278.0	322.0	367.0	408.0	449.0
13.1	5.0	32.0	77.0	102.0	155.0	178.0	211.0	265.0	307.0	341.0	388.0	450.0
13.2	8.0	35.0	77.0	109.0	146.0	194.0	236.0	249.0	299.0	360.0	396.0	422.0
13.3	7.0	37.0	85.0	126.0	166.0	183.0	237.0	285.0	317.0	343.0	376.0	468.0
13.4	4.0	34.0	90.0	117.0	160.0	189.0	231.0	262.0	284.0	339.0	369.0	423.0
13.5	9.0	38.0	74.0	120.0	162.0	180.0	231.0	286.0	282.0	339.0	369.0	444.0
13.6	7.0	45.0	72.0	113.0	140.0	171.0	213.0	257.0	307.0	316.0	367.0	431.0
13.7	6.0	39.0	76.0	120.0	138.0	151.0	195.0	220.0	287.0	326.0	374.0	419.0
13.8	3.0	40.0	70.0	98.0	130.0	178.0	220.0	271.0	288.0	308.0	380.0	395.0
13.9	6.0	37.0	69.0	108.0	129.0	154.0	189.0	251.0	276.0	322.0	360.0	403.0
14.0	10.0	43.0	74.0	97.0	118.0	166.0	189.0	213.0	262.0	312.0	325.0	382.0
14.1	7.0	41.0	72.0	109.0	142.0	159.0	195.0	232.0	252.0	300.0	339.0	374.0
14.2	10.0	37.0	74.0	101.0	136.0	172.0	182.0	220.0	294.0	291.0	335.0	396.0
14.3	7.0	45.0	69.0	97.0	136.0	161.0	183.0	205.0	262.0	311.0	323.0	396.0
14.4	13.0	45.0	67.0	101.0	134.0	168.0	193.0	222.0	260.0	301.0	330.0	380.0
14.5	20.0	56.0	78.0	104.0	120.0	154.0	178.0	220.0	263.0	303.0	325.0	360.0
14.6	14.0	44.0	75.0	92.0	113.0	154.0	200.0	222.0	266.0	297.0	318.0	386.0
14.7	15.0	50.0	77.0	100.0	132.0	144.0	183.0	222.0	274.0	302.0	329.0	362.0
14.8	11.0	46.0	72.0	105.0	143.0	153.0	185.0	232.0	248.0	318.0	337.0	374.0
14.9	19.0	43.0	80.0	108.0	133.0	157.0	189.0	227.0	243.0	304.0	320.0	356.0
15.0	20.0	45.0	70.0	103.0	143.0	154.0	180.0	212.0	259.0	301.0	331.0	353.0
15.1	19.0	47.0	69.0	102.0	134.0	149.0	179.0	235.0	271.0	308.0	318.0	376.0
15.2	28.0	40.0	79.0	111.0	134.0	175.0	196.0	225.0	269.0	283.0	320.0	365.0
15.3	20.0	49.0	75.0	99.0	117.0	157.0	202.0	229.0	262.0	293.0	329.0	384.0
15.4	30.0	52.0	80.0	110.0	121.0	168.0	193.0	245.0	284.0	290.0	309.0	363.0
15.5	26.0	46.0	74.0	116.0	142.0	156.0	180.0	225.0	258.0	299.0	331.0	371.0
15.6	24.0	56.0	78.0	103.0	131.0	152.0	188.0	236.0	256.0	288.0	360.0	379.0
15.7	32.0	57.0	79.0	106.0	124.0	156.0	210.0	217.0	253.0	287.0	308.0	393.0
15.8	30.0	49.0	69.0	108.0	128.0	162.0	195.0	228.0	266.0	291.0	321.0	369.0
15.9	30.0	50.0	79.0	102.0	134.0	162.0	199.0	198.0	258.0	279.0	326.0	377.0
16.0	26.0	61.0	69.0	92.0	112.0	147.0	199.0	223.0	253.0	273.0	319.0	336.0
16.1	23.0	48.0	81.0	103.0	135.0	157.0	189.0	214.0	256.0	315.0	321.0	360.0
16.2	35.0	50.0	87.0	107.0	126.0	152.0	181.0	227.0	272.0	279.0	325.0	331.0
16.3	35.0	47.0	77.0	103.0	132.0	149.0	173.0	240.0	249.0	252.0	327.0	372.0
16.4	28.0	54.0	78.0	102.0	121.0	161.0	188.0	235.0	261.0	286.0	318.0	328.0
16.5	27.0	51.0	76.0	102.0	110.0	153.0	181.0	219.0	251.0	318.0	319.0	364.0
16.6	29.0	54.0	92.0	92.0	120.0	157.0	199.0	233.0	247.0	272.0	316.0	349.0
16.7	29.0	50.0	71.0	104.0	125.0	151.0	188.0	218.0	252.0	286.0	297.0	357.0
16.8	33.0	57.0	76.0	96.0	128.0	157.0	169.0	194.0	244.0	293.0	305.0	349.0
16.9	34.0	47.0	65.0	100.0	123.0	158.0	168.0	228.0	258.0	283.0	299.0	369.0
17.0	35.0	49.0	66.0	93.0	124.0	147.0	187.0	213.0	260.0	257.0	311.0	353.0
17.1	35.0	52.0	75.0	101.0	111.0	153.0	175.0	216.0	262.0	296.0	320.0	338.0
17.2	33.0	40.0	75.0	102.0	126.0	149.0	176.0	221.0	249.0	281.0	304.0	319.0
17.3	34.0	46.0	82.0	95.0	117.0	156.0	179.0	189.0	241.0	271.0	312.0	320.0
17.4	30.0	48.0	73.0	92.0	121.0	154.0	192.0	199.0	233.0	310.0	318.0	315.0
17.5	31.0	53.0	80.0	87.0	127.0	154.0	189.0	221.0	234.0	267.0	300.0	313.0
17.6	29.0	59.0	73.0	107.0	101.0	152.0	189.0	222.0	240.0	258.0	303.0	323.0
17.7	31.0	56.0	80.0	85.0	114.0	162.0	188.0	228.0	245.0	289.0	290.0	335.0
17.8	31.0	54.0	82.0	101.0	114.0	152.0	194.0	216.0	241.0	253.0	299.0	316.0
17.9	33.0	57.0	74.0	94.0	111.0	155.0	177.0	210.0	246.0	284.0	304.0	315.0
18.0	37.0	51.0	66.0	97.0	122.0	147.0	175.0	200.0	226.0	263.0	258.0	317.0
18.1	35.0	55.0	71.0	94.0	115.0	142.0	173.0	210.0	256.0	264.0	294.0	323.0
18.2	32.0	58.0	73.0	95.0	115.0	154.0	184.0	214.0	231.0	275.0	300.0	347.0
18.3	30.0	64.0	64.0	89.0	117.0	148.0	168.0	206.0	240.0	272.0	288.0	322.0
18.4	34.0	53.0	83.0	99.0	122.0	145.0	177.0	216.0	229.0	273.0	304.0	320.0
18.5	37.0	61.0	74.0	89.0	128.0	148.0	167.0	207.0	225.0	256.0	289.0	292.0
18.6	38.0	52.0	72.0	106.0	120.0	150.0	181.0	206.0	236.0	266.0	298.0	315.0
18.7	34.0	46.0	63.0	87.0	133.0	155.0	165.0	196.0	244.0	261.0	297.0	331.0
18.8	35.0	59.0	0.0	94.0	133.0	149.0	168.0	206.0	0.0	249.0	290.0	313.0
18.9	31.0	53.0	75.0	92.0	116.0	138.0	163.0	207.0	228.0	259.0	292.0	308.0
19.0	41.0	47.0	71.0	90.0	108.0	130.0	186.0	221.0	245.0	251.0	291.0	323.0
19.1	36.0	54.0	77.0	90.0	121.0	162.0	179.0	210.0	254.0	260.0	291.0	330.0
19.2	32.0	59.0	74.0	89.0	120.0	148.0	182.0	221.0	245.0	253.0	299.0	326.0
19.3	32.0	56.0	78.0	91.0	127.0	148.0	191.0	212.0	240.0	260.0	295.0	328.0
19.4	37.0	55.0	67.0	100.0	113.0	141.0	181.0	213.0	249.0	277.0	294.0	334.0
19.5	42.0	53.0	70.0	98.0	134.0	152.0	187.0	201.0	235.0	280.0	295.0	355.0
19.6	31.0	52.0	69.0	105.0	137.0	151.0	170.0	216.0	274.0	275.0	303.0	341.0
19.7	41.0	56.0	81.0	111.0	148.0	186.0	219.0	229.0	268.0	313.0	326.0	374.0
19.8	46.0	63.0	101.0	125.0	168.0	226.0	252.0	288.0	306.0	367.0	414.0	444.0
19.9	82.0	122.0	172.0	272.0	349.0	454.0	516.0	598.0	733.0	781.0	859.0	920.0
20.0	82.0	160.0	219.0	318.0	410.0	517.0	671.0	721.0	839.0	950.0	1094.0	1171.0
20.1	83.0	141.0	218.0	331.0	395.0	515.0	625.0	709.0	845.0	985.0	1055.0	1154.0
20.2	66.0	112.0	170.0	235.0	322.0	373.0	469.0	551.0	620.0	724.0	841.0	905.0
20.3	62.0	109.0	154.0	220.0	298.0	373.0	454.0	524.0	596.0	681.0	767.0	840.0
20.4	106.0	182.0	271.0	382.0	485.0	612.0	723.0	834.0	975.0	0.0	1179.0	1231.0
20.5	126.0	217.0	358.0	485.0	624.0	794.0	971.0	1130.0	1310.0	1420.0	1615.0	1787.0
20.6	78.0	160.0	231.0	317.0	423.0	563.0	691.0	785.0	901.0	1045.0	1201.0	1387.0
20.7	74.0	134.0	200.0	305.0	404.0	513.0	589.0	696.0	805.0	933.0	984.0	1114.0
20.8	88.0	139.0	218.0	317.0	444.0	530.0	653.0	775.0	854.0	1004.0	1108.0	1221.0
20.9	61.0	99.0	144.0	190.0	258.0	339.0	408.0	472.0	593.0	645.0	754.0	883.0
21.0	44.0	63.0	95.0	133.0	165.0	211.0	263.0	289.0	372.0	397.0	472.0	501.0
